:Product: Daily Solar Data            DSD.txt
:Issued: 0825 UT 10 Mar 2025
#
#  Prepared by the U.S. Dept. of Commerce, NOAA, Space Weather Prediction Center
#  Please send comments and suggestions to SWPC.Webmaster@noaa.gov
#
#                Last 30 Days Daily Solar Data
#
#                         Sunspot       Stanford GOES15
#           Radio  SESC     Area          Solar  X-Ray  ------ Flares ------
#           Flux  Sunspot  10E-6   New     Mean  Bkgd    X-Ray      Optical
#  Date     10.7cm Number  Hemis. Regions Field  Flux   C  M  X  S  1  2  3
#--------------------------------------------------------------------------- 
2025 02 08  173    168      870      0    -999      *  14  1  0  7  0  0  0
2025 02 09  163    142      685      1    -999      *   6  0  0  1  0  0  0
2025 02 10  159    104      840      1    -999      *   5  1  0  2  0  0  0
2025 02 11  153     91      690      1    -999      *   8  1  0  0  0  0  0
2025 02 12  166     88      800      1    -999      *   3  0  0  0  0  0  0
2025 02 13  173    112     1200      2    -999      *   7  1  0 10  0  0  0
2025 02 14  179    111     1020      1    -999      *   4  3  0  5  2  0  0
2025 02 15  184    153     1120      2    -999      *   9  0  0  2  0  0  0
2025 02 16  185    271     1270      2    -999      *   9  0  0  1  0  0  0
2025 02 17  185    218     1550      0    -999      *  17  1  0  9  0  0  0
2025 02 18  178    187     1465      0    -999      *  11  0  0  0  0  0  0
2025 02 19  178    119     1315      0    -999      *   6  0  0  1  0  0  0
2025 02 20  184    123     1335      0    -999      *   6  0  0  0  0  0  0
2025 02 21  197    138     1240      1    -999      *   6  2  0 11  2  0  0
2025 02 22  199    215     1230      6    -999      *  15  0  0 11  0  0  0
2025 02 23  210    186     1150      0    -999      *   7  4  1  7  0  0  0
2025 02 24  203    182     1410      1    -999      *   4  4  0  1  1  0  0
2025 02 25  190    155     1290      1    -999      *   2  2  0  6  1  0  0
2025 02 26  180    123     1000      0    -999      *   6  0  0  1  0  0  0
2025 02 27  164    129      830      0    -999      *   4  0  0  0  0  0  0
2025 02 28  157    104      290      2    -999      *   9  0  0  4  0  0  0
2025 03 01  152    105      410      0    -999      *   7  0  0  2  0  0  0
2025 03 02  151    139      520      3    -999      *   9  0  0  2  0  0  0
2025 03 03  163     99      660      1    -999      *   7  0  0  3  0  0  0
2025 03 04  161    134      560      2    -999      *  12  0  0  2  0  0  0
2025 03 05  157    147      730      2    -999      *   5  1  0  1  0  0  0
2025 03 06  150    139      720      0    -999      *   3  0  0  0  0  0  0
2025 03 07  147    109      480      1    -999      *   4  1  0  1  0  0  0
2025 03 08  148     90      450      0    -999      *   7  0  0  1  0  0  0
2025 03 09  148     73      450      1    -999      *   3  0  0  0  0  0  0
