:Product: Daily Geomagnetic Data          DGD.txt
:Issued: 0330 UT 12 Mar 2025
#
#  Prepared by the U.S. Dept. of Commerce, NOAA, Space Weather Prediction Center
#  Please send comment and suggestions to SWPC.Webmaster@noaa.gov
#
#               Last 30 Days Daily Geomagnetic Data
#
#
#                Middle Latitude        High Latitude            Estimated
#              - Fredericksburg -     ---- College ----      --- Planetary ---
#  Date        A     K-indices        A     K-indices        A     K-indices
2025 02 11    10  3 2 2 3 2 3 2 2    21  3 3 3 4 4 5 3 2    17   4.00  3.00  3.33  3.33  2.33  3.33  3.00  3.00
2025 02 12    12  3 3 2 3 3 2 3 2    23  3 3 3 5 4 5 2 2    17   3.33  4.00  3.00  3.33  2.67  3.00  3.00  2.67
2025 02 13    19  3 4 3 4 3 2 3 4    37  2 4 5 6 6 4 3 3    23   3.33  4.33  3.67  4.00  3.67  2.67  3.67  4.33
2025 02 14    20  4 4 3 3 4 3 3 3    44  4 5 5 3 6 6 4 4    27   4.67  4.33  3.67  3.00  4.67  3.33  3.67  4.00
2025 02 15    20  2 3 3 4 4 4 3 4    55  3 3 3 7 5 7 5 3    28   3.67  3.67  3.33  5.00  3.33  4.67  3.67  4.33
2025 02 16    14  2 3 3 3 3 2 2 4    28  2 3 5 6 3 4 3 3    18   3.00  3.67  3.33  3.33  3.00  2.67  3.33  4.00
2025 02 17    11  2 3 2 2 3 3 2 3    20  2 2 2 4 5 5 2 2    15   3.00  3.33  2.00  2.33  3.33  4.00  2.33  3.33
2025 02 18    10  3 2 1 1 1 3 1 4    12  3 4 2 0 1 3 3 3    14   3.67  3.33  2.00  1.00  1.00  2.67  1.33  4.67
2025 02 19    13  4 2 3 2 2 2 3 3    19  4 3 5 3 2 2 3 3    20   5.00  3.33  4.33  1.67  1.67  2.33  3.67  3.33
2025 02 20     5  3 2 1 0 2 1 0 1     4  3 2 1 1 0 0 0 0     7   3.67  2.67  1.33  0.67  1.00  0.33  0.33  0.67
2025 02 21     6  3 0 1 1 2 2 2 1     3  1 0 1 1 3 0 0 0     6   3.00  0.67  1.00  1.33  1.67  0.67  0.67  2.00
2025 02 22     3  2 0 0 0 2 2 1 1     5  2 0 1 3 3 0 1 0     7   3.00  0.67  0.67  1.33  2.00  1.33  1.33  2.33
2025 02 23     6  2 1 1 1 1 2 2 3     2  1 1 1 2 0 0 0 1     7   3.00  1.67  1.00  1.00  0.33  1.00  1.33  3.00
2025 02 24    10  3 1 2 2 3 2 3 2    17  1 0 0 5 4 3 4 3    14   3.33  1.33  1.33  3.00  3.00  2.00  4.33  2.67
2025 02 25    11 -1-1-1-1-1-1 2 3    11 -1-1-1-1-1-1 3 2     9   1.67  2.00  1.67  1.67  1.00  1.67  3.00  3.33
2025 02 26    13  2 3 2 2 4 3 3 2    33  1 4 3 6 4 5 5 3    16   3.00  3.67  3.00  2.67  3.00  3.33  3.33  2.33
2025 02 27    24  3 3 3 5 4 4 3 4    54  3 5 4 7 6 6 4 3    33   4.00  4.33  3.33  5.67  4.00  4.67  3.33  4.33
2025 02 28    21  4 3 3 3 5 4 3 2    51  4 4 5 6 6 6 5 3    32   5.00  4.00  4.33  3.67  4.67  4.67  4.33  3.00
2025 03 01    11  1 3 3 3 3 2 2 2    41  2 4 7 6 5 2 3 2    19   2.33  4.00  4.00  4.00  3.67  2.00  3.33  3.00
2025 03 02     5  1 1 2 1 2 2 2 1     5  2 1 2 3 2 0 0 0     6   2.00  1.67  2.33  1.67  1.67  0.67  1.00  0.67
2025 03 03     5  1 1 1 1 2 2 2 2     2  1 0 0 2 0 1 1 1     5   1.67  1.00  1.00  1.67  0.67  1.00  1.33  1.33
2025 03 04     7  1 2 2 1 2 2 2 3     7  0 1 0 2 2 1 2 4    11   1.67  2.33  1.67  1.33  2.00  2.00  3.00  4.33
2025 03 05     4 -1-1-1-1-1-1 0 2    21  3 3 5 4 4 4 2 1    13   3.67  3.33  2.67  2.67  2.00  3.00  2.00  2.33
2025 03 06     6  2 1 2 2 1 2 2 1     5  2 1 2 2 0 1 2 1     7   2.33  1.67  2.67  2.00  0.33  1.33  2.33  1.67
2025 03 07     9  1 2 2 3 3 3 2 1    18  1 1 3 5 3 5 3 0    11   1.00  2.67  2.67  3.33  2.33  2.67  2.67  1.33
2025 03 08    15  2 2 3 3 3 3 3 4    25  1 3 5 5 3 3 4 4    21   2.33  3.00  3.67  3.33  2.33  3.33  4.67  4.67
2025 03 09    24  4 4 3 5 4 3 3 3    49  4 5 4 7 6 5 2 3    35   4.67  5.67  4.00  5.67  4.33  3.00  2.67  3.33
2025 03 10     8  3 1 2 2 3 2 1 2    18  3 2 4 5 4 3 1 1    10   3.00  2.00  2.33  2.67  2.33  2.67  1.00  2.33
2025 03 11     9  2 2 2 3 3 2 2 2    13  1 2 3 4 4 3 1 1    10   2.33  2.33  2.33  2.67  3.00  1.67  1.67  2.67
2025 03 12    -1  3-1-1-1-1-1-1-1    -1  3-1-1-1-1-1-1-1    11   3.67 -1.00 -1.00 -1.00 -1.00 -1.00 -1.00 -1.00
